id=TT_13
time.start=2023/12/05 18:16:54.903+0000
time.stop=2023/12/05 18:17:53.377+0000
time.real=00:00:58
board.3-13-21198.readout.rate=1.489 Mb/s
board.3-13-21198.0.rejections.singles=0.0
board.3-13-21198.0.rejections.pileup=11458.6
board.3-13-21198.0.rejections.saturation=0.997354
board.3-13-21198.0.rejections.energy=0.0
board.3-13-21198.0.rejections.psd=0.0
board.3-13-21198.0.rejections.timedistribution=0.0
board.3-13-21198.0.throughput=57069.7
board.3-13-21198.0.icr=58738.2
board.3-13-21198.0.ocr=45621.0
board.3-13-21198.0.calibration.energy.c0=0.0
board.3-13-21198.0.calibration.energy.c1=1.0
board.3-13-21198.0.calibration.energy.c2=0.0
board.3-13-21198.0.calibration.energy.uom=keV
board.3-13-21198.1.rejections.singles=0.0
board.3-13-21198.1.rejections.pileup=20555.7
board.3-13-21198.1.rejections.saturation=3.98676
board.3-13-21198.1.rejections.energy=0.0
board.3-13-21198.1.rejections.psd=0.0
board.3-13-21198.1.rejections.timedistribution=0.0
board.3-13-21198.1.throughput=79007.1
board.3-13-21198.1.icr=82088.3
board.3-13-21198.1.ocr=58383.1
board.3-13-21198.1.calibration.energy.c0=0.0
board.3-13-21198.1.calibration.energy.c1=1.0
board.3-13-21198.1.calibration.energy.c2=0.0
board.3-13-21198.1.calibration.energy.uom=keV
board.3-13-21198.2.rejections.singles=0.0
board.3-13-21198.2.rejections.pileup=9093.67
board.3-13-21198.2.rejections.saturation=3.99327
board.3-13-21198.2.rejections.energy=0.0
board.3-13-21198.2.rejections.psd=0.0
board.3-13-21198.2.rejections.timedistribution=0.0
board.3-13-21198.2.throughput=49668.7
board.3-13-21198.2.icr=51309.5
board.3-13-21198.2.ocr=40896.1
board.3-13-21198.2.calibration.energy.c0=0.0
board.3-13-21198.2.calibration.energy.c1=1.0
board.3-13-21198.2.calibration.energy.c2=0.0
board.3-13-21198.2.calibration.energy.uom=keV
board.3-13-21198.3.rejections.singles=0.0
board.3-13-21198.3.rejections.pileup=0.0
board.3-13-21198.3.rejections.saturation=0.0
board.3-13-21198.3.rejections.energy=0.0
board.3-13-21198.3.rejections.psd=0.0
board.3-13-21198.3.rejections.timedistribution=0.0
board.3-13-21198.3.throughput=0.0
board.3-13-21198.3.icr=0.0
board.3-13-21198.3.ocr=0.0
board.3-13-21198.3.calibration.energy.c0=0.0
board.3-13-21198.3.calibration.energy.c1=1.0
board.3-13-21198.3.calibration.energy.c2=0.0
board.3-13-21198.3.calibration.energy.uom=keV
