id=TT_10
time.start=2023/12/05 17:24:36.820+0000
time.stop=2023/12/05 17:24:52.740+0000
time.real=00:00:15
board.3-13-21198.readout.rate=652.514 kb/s
board.3-13-21198.0.rejections.singles=0.0
board.3-13-21198.0.rejections.pileup=1333.63
board.3-13-21198.0.rejections.saturation=1.01726
board.3-13-21198.0.rejections.energy=0.0
board.3-13-21198.0.rejections.psd=0.0
board.3-13-21198.0.rejections.timedistribution=0.0
board.3-13-21198.0.throughput=18447.7
board.3-13-21198.0.icr=18321.9
board.3-13-21198.0.ocr=16817.4
board.3-13-21198.0.calibration.energy.c0=0.0
board.3-13-21198.0.calibration.energy.c1=1.0
board.3-13-21198.0.calibration.energy.c2=0.0
board.3-13-21198.0.calibration.energy.uom=keV
board.3-13-21198.1.rejections.singles=0.0
board.3-13-21198.1.rejections.pileup=4827.42
board.3-13-21198.1.rejections.saturation=2.00142
board.3-13-21198.1.rejections.energy=0.0
board.3-13-21198.1.rejections.psd=0.0
board.3-13-21198.1.rejections.timedistribution=0.0
board.3-13-21198.1.throughput=37472.2
board.3-13-21198.1.icr=37981.9
board.3-13-21198.1.ocr=32426.0
board.3-13-21198.1.calibration.energy.c0=0.0
board.3-13-21198.1.calibration.energy.c1=1.0
board.3-13-21198.1.calibration.energy.c2=0.0
board.3-13-21198.1.calibration.energy.uom=keV
board.3-13-21198.2.rejections.singles=0.0
board.3-13-21198.2.rejections.pileup=3004.11
board.3-13-21198.2.rejections.saturation=0.0
board.3-13-21198.2.rejections.energy=0.0
board.3-13-21198.2.rejections.psd=0.0
board.3-13-21198.2.rejections.timedistribution=0.0
board.3-13-21198.2.throughput=27599.4
board.3-13-21198.2.icr=27779.7
board.3-13-21198.2.ocr=24375.2
board.3-13-21198.2.calibration.energy.c0=0.0
board.3-13-21198.2.calibration.energy.c1=1.0
board.3-13-21198.2.calibration.energy.c2=0.0
board.3-13-21198.2.calibration.energy.uom=keV
board.3-13-21198.3.rejections.singles=0.0
board.3-13-21198.3.rejections.pileup=0.0
board.3-13-21198.3.rejections.saturation=0.0
board.3-13-21198.3.rejections.energy=0.0
board.3-13-21198.3.rejections.psd=0.0
board.3-13-21198.3.rejections.timedistribution=0.0
board.3-13-21198.3.throughput=0.0
board.3-13-21198.3.icr=0.0
board.3-13-21198.3.ocr=0.0
board.3-13-21198.3.calibration.energy.c0=0.0
board.3-13-21198.3.calibration.energy.c1=1.0
board.3-13-21198.3.calibration.energy.c2=0.0
board.3-13-21198.3.calibration.energy.uom=keV
