id=TT_16
time.start=2023/12/05 18:33:20.717+0000
time.stop=2023/12/05 18:37:32.187+0000
time.real=00:04:11
board.3-13-21198.readout.rate=1.557 Mb/s
board.3-13-21198.0.rejections.singles=0.0
board.3-13-21198.0.rejections.pileup=9889.9
board.3-13-21198.0.rejections.saturation=0.0
board.3-13-21198.0.rejections.energy=0.0
board.3-13-21198.0.rejections.psd=0.0
board.3-13-21198.0.rejections.timedistribution=0.0
board.3-13-21198.0.throughput=52227.7
board.3-13-21198.0.icr=53575.9
board.3-13-21198.0.ocr=42374.4
board.3-13-21198.0.calibration.energy.c0=0.0
board.3-13-21198.0.calibration.energy.c1=1.0
board.3-13-21198.0.calibration.energy.c2=0.0
board.3-13-21198.0.calibration.energy.uom=keV
board.3-13-21198.1.rejections.singles=0.0
board.3-13-21198.1.rejections.pileup=21597.1
board.3-13-21198.1.rejections.saturation=7.78872
board.3-13-21198.1.rejections.energy=0.0
board.3-13-21198.1.rejections.psd=0.0
board.3-13-21198.1.rejections.timedistribution=0.0
board.3-13-21198.1.throughput=81158.9
board.3-13-21198.1.icr=84275.9
board.3-13-21198.1.ocr=59488.3
board.3-13-21198.1.calibration.energy.c0=0.0
board.3-13-21198.1.calibration.energy.c1=1.0
board.3-13-21198.1.calibration.energy.c2=0.0
board.3-13-21198.1.calibration.energy.uom=keV
board.3-13-21198.2.rejections.singles=0.0
board.3-13-21198.2.rejections.pileup=12858.2
board.3-13-21198.2.rejections.saturation=3.89614
board.3-13-21198.2.rejections.energy=0.0
board.3-13-21198.2.rejections.psd=0.0
board.3-13-21198.2.rejections.timedistribution=0.0
board.3-13-21198.2.throughput=60316.9
board.3-13-21198.2.icr=61980.8
board.3-13-21198.2.ocr=47363.4
board.3-13-21198.2.calibration.energy.c0=0.0
board.3-13-21198.2.calibration.energy.c1=1.0
board.3-13-21198.2.calibration.energy.c2=0.0
board.3-13-21198.2.calibration.energy.uom=keV
board.3-13-21198.3.rejections.singles=0.0
board.3-13-21198.3.rejections.pileup=0.0
board.3-13-21198.3.rejections.saturation=0.0
board.3-13-21198.3.rejections.energy=0.0
board.3-13-21198.3.rejections.psd=0.0
board.3-13-21198.3.rejections.timedistribution=0.0
board.3-13-21198.3.throughput=0.0
board.3-13-21198.3.icr=0.0
board.3-13-21198.3.ocr=0.0
board.3-13-21198.3.calibration.energy.c0=0.0
board.3-13-21198.3.calibration.energy.c1=1.0
board.3-13-21198.3.calibration.energy.c2=0.0
board.3-13-21198.3.calibration.energy.uom=keV
