id=TT_9
time.start=2023/12/05 17:18:27.623+0000
time.stop=2023/12/05 17:19:04.805+0000
time.real=00:00:37
board.3-13-21198.readout.rate=552.344 kb/s
board.3-13-21198.0.rejections.singles=0.0
board.3-13-21198.0.rejections.pileup=644.207
board.3-13-21198.0.rejections.saturation=0.973123
board.3-13-21198.0.rejections.energy=0.0
board.3-13-21198.0.rejections.psd=0.0
board.3-13-21198.0.rejections.timedistribution=0.0
board.3-13-21198.0.throughput=11138.9
board.3-13-21198.0.icr=12367.4
board.3-13-21198.0.ocr=11679.4
board.3-13-21198.0.calibration.energy.c0=0.0
board.3-13-21198.0.calibration.energy.c1=1.0
board.3-13-21198.0.calibration.energy.c2=0.0
board.3-13-21198.0.calibration.energy.uom=keV
board.3-13-21198.1.rejections.singles=0.0
board.3-13-21198.1.rejections.pileup=5184.18
board.3-13-21198.1.rejections.saturation=2.93444
board.3-13-21198.1.rejections.energy=0.0
board.3-13-21198.1.rejections.psd=0.0
board.3-13-21198.1.rejections.timedistribution=0.0
board.3-13-21198.1.throughput=36941.3
board.3-13-21198.1.icr=38852.0
board.3-13-21198.1.ocr=32996.8
board.3-13-21198.1.calibration.energy.c0=0.0
board.3-13-21198.1.calibration.energy.c1=1.0
board.3-13-21198.1.calibration.energy.c2=0.0
board.3-13-21198.1.calibration.energy.uom=keV
board.3-13-21198.2.rejections.singles=0.0
board.3-13-21198.2.rejections.pileup=2055.19
board.3-13-21198.2.rejections.saturation=4.8655
board.3-13-21198.2.rejections.energy=0.0
board.3-13-21198.2.rejections.psd=0.0
board.3-13-21198.2.rejections.timedistribution=0.0
board.3-13-21198.2.throughput=20057.1
board.3-13-21198.2.icr=20759.1
board.3-13-21198.2.ocr=18516.1
board.3-13-21198.2.calibration.energy.c0=0.0
board.3-13-21198.2.calibration.energy.c1=1.0
board.3-13-21198.2.calibration.energy.c2=0.0
board.3-13-21198.2.calibration.energy.uom=keV
board.3-13-21198.3.rejections.singles=0.0
board.3-13-21198.3.rejections.pileup=0.0
board.3-13-21198.3.rejections.saturation=0.0
board.3-13-21198.3.rejections.energy=0.0
board.3-13-21198.3.rejections.psd=0.0
board.3-13-21198.3.rejections.timedistribution=0.0
board.3-13-21198.3.throughput=0.0
board.3-13-21198.3.icr=0.0
board.3-13-21198.3.ocr=0.0
board.3-13-21198.3.calibration.energy.c0=0.0
board.3-13-21198.3.calibration.energy.c1=1.0
board.3-13-21198.3.calibration.energy.c2=0.0
board.3-13-21198.3.calibration.energy.uom=keV
