id=TT_14
time.start=2023/12/05 18:20:24.565+0000
time.stop=2023/12/05 18:24:29.724+0000
time.real=00:04:05
board.3-13-21198.readout.rate=1.462 Mb/s
board.3-13-21198.0.rejections.singles=0.0
board.3-13-21198.0.rejections.pileup=10428.6
board.3-13-21198.0.rejections.saturation=2.00526
board.3-13-21198.0.rejections.energy=0.0
board.3-13-21198.0.rejections.psd=0.0
board.3-13-21198.0.rejections.timedistribution=0.0
board.3-13-21198.0.throughput=54711.7
board.3-13-21198.0.icr=56135.0
board.3-13-21198.0.ocr=44202.6
board.3-13-21198.0.calibration.energy.c0=0.0
board.3-13-21198.0.calibration.energy.c1=1.0
board.3-13-21198.0.calibration.energy.c2=0.0
board.3-13-21198.0.calibration.energy.uom=keV
board.3-13-21198.1.rejections.singles=0.0
board.3-13-21198.1.rejections.pileup=20195.9
board.3-13-21198.1.rejections.saturation=12.0243
board.3-13-21198.1.rejections.energy=0.0
board.3-13-21198.1.rejections.psd=0.0
board.3-13-21198.1.rejections.timedistribution=0.0
board.3-13-21198.1.throughput=77366.9
board.3-13-21198.1.icr=80297.6
board.3-13-21198.1.ocr=57109.6
board.3-13-21198.1.calibration.energy.c0=0.0
board.3-13-21198.1.calibration.energy.c1=1.0
board.3-13-21198.1.calibration.energy.c2=0.0
board.3-13-21198.1.calibration.energy.uom=keV
board.3-13-21198.2.rejections.singles=0.0
board.3-13-21198.2.rejections.pileup=10005.6
board.3-13-21198.2.rejections.saturation=6.00757
board.3-13-21198.2.rejections.energy=0.0
board.3-13-21198.2.rejections.psd=0.0
board.3-13-21198.2.rejections.timedistribution=0.0
board.3-13-21198.2.throughput=52229.1
board.3-13-21198.2.icr=53489.4
board.3-13-21198.2.ocr=42176.1
board.3-13-21198.2.calibration.energy.c0=0.0
board.3-13-21198.2.calibration.energy.c1=1.0
board.3-13-21198.2.calibration.energy.c2=0.0
board.3-13-21198.2.calibration.energy.uom=keV
board.3-13-21198.3.rejections.singles=0.0
board.3-13-21198.3.rejections.pileup=0.0
board.3-13-21198.3.rejections.saturation=0.0
board.3-13-21198.3.rejections.energy=0.0
board.3-13-21198.3.rejections.psd=0.0
board.3-13-21198.3.rejections.timedistribution=0.0
board.3-13-21198.3.throughput=0.0
board.3-13-21198.3.icr=0.0
board.3-13-21198.3.ocr=0.0
board.3-13-21198.3.calibration.energy.c0=0.0
board.3-13-21198.3.calibration.energy.c1=1.0
board.3-13-21198.3.calibration.energy.c2=0.0
board.3-13-21198.3.calibration.energy.uom=keV
